tileset=forest
win=kill_all
exit:0=level2.txt
moving:0=-30,0,3,0.5,1,9
moving:1=-30,0,3,0.5,1,9
moving:2=-30,0,3,0.5,1,9
moving:3=-30,0,3,0.5,1,9
moving:4=-30,0,3,0.5,1,9
moving:5=30,0,3,0.5,1,9
moving:6=30,0,3,0.5,1,9
moving:7=30,0,3,0.5,1,9
moving:8=30,0,3,0.5,1,9
moving:9=30,0,3,0.5,1,9
moving:10=-30,0,3,0.5,1,9
moving:11=-30,0,3,0.5,1,9
moving:12=-30,0,3,0.5,1,9
moving:13=-30,0,3,0.5,1,9
moving:14=-30,0,3,0.5,1,9
moving:15=30,0,3,0.5,1,9
moving:16=30,0,3,0.5,1,9
moving:17=30,0,3,0.5,1,9
moving:18=30,0,3,0.5,1,9
moving:19=30,0,3,0.5,1,9
moving:20=-30,0,3,0.5,1,9
moving:21=-30,0,3,0.5,1,9
moving:22=-30,0,3,0.5,1,9
moving:23=-30,0,3,0.5,1,9
moving:24=-30,0,3,0.5,1,9
moving:25=30,0,3,0.5,1,9
moving:26=30,0,3,0.5,1,9
moving:27=30,0,3,0.5,1,9
moving:28=30,0,3,0.5,1,9
moving:29=30,0,3,0.5,1,9
moving:30=-30,0,3,0.5,1,9
moving:31=-30,0,3,0.5,1,9
moving:32=-30,0,3,0.5,1,9
moving:33=-30,0,3,0.5,1,9
moving:34=-30,0,3,0.5,1,9
moving:35=30,0,3,0.5,1,9
moving:36=30,0,3,0.5,1,9
moving:37=30,0,3,0.5,1,9
moving:38=30,0,3,0.5,1,9
moving:39=30,0,3,0.5,1,9
moving:40=-30,0,3,0.5,1,9
moving:41=-30,0,3,0.5,1,9
moving:42=-30,0,3,0.5,1,9
moving:43=-30,0,3,0.5,1,9
moving:44=-30,0,3,0.5,1,9

---
......................P.........................
=...............................................
................................................
....................................MMMMM.......
=....MMMMM...................................555
....................................MMMMM.......
.....MMMMM......................................
....................................MMMMM.......
=....MMMMM...................................555
....................................MMMMM.......
.....MMMMM.................................2....
....................................MMMMM...3...
...........8888888888...8888888888..............
======..................................========
=============....................E.5555555555555
================================================
